1689155093507 0.49943875376427715 0
1689155125383 0.49986958789775693 0
1689156013206 0.5145019756506619 1
1689156993822 0.5089953041680423 2
1689157764144 0.5046283536587202 3
1689158408081 0.5117757041721736 4
1689159216348 0.5413887547993766 5
1689159243200 0.5 5
1689159895503 0.55015818960309 6
1689160538296 0.5532091743439633 7
1689161148818 0.5560359454165863 8
1689161769333 0.5416500421658319 9
1689162382881 0.5280295799482839 10
1689162405660 0.5 10
1689163020029 0.5618641924438478 11
1689163626725 0.5167426303115019 12
1689166485234 0.5181513382169344 13
